elevation = c(760,1100,8180,1250,5532,5920,480,20,410,193,1000,13770,6285,635,785,770,1812,730,194,770,2461,640,785,1460,420,700,5470,3379,5200,6262,70,7350,1720,6525,1929,800,958,4700,1500,425,3115,2277,2471,3275,8092,915,3870,2120,2200,1300,6500)
temp = c(-27.00,-80.00,-40.00,-29.00,-45.00,-61.00,-32.00,-17.00,-15.00,-2.00,-17.00,12.00,-60.00,-36.00,-36.00,-47.00,-40.00,-37.00,-16.00,-50.00,-40.00,-35.00,-51.00,-60.00,-19.00,-40.00,-70.00,-47.00,-50.00,-47.00,-34.00,-50.00,-52.00,-34.00,-60.00,-39.00,-27.00,-54.00,-42.00,-25.00,-19.00,-58.00,-32.00,-23.00,-69.00,-50.00,-30.00,-48.00,-37.00,-55.00,-66.00)
data = data.frame(elevation,temp)
 
attach(data)

plot(data$elevation,data$temp)
plot(data$elevation,data$temp,ylab="temperature(F)",xlab="elevation",main="scatter plot")
 
cor(temp,elevation)
elevation1 = c(760,1100,8180,1250,5532,5920,480,20,410,193,1000,6285,635,785,770,1812,730,194,770,2461,640,785,1460,420,700,5470,3379,5200,6262,70,7350,1720,6525,1929,800,958,4700,1500,425,3115,2277,2471,3275,8092,915,3870,2120,2200,1300,6500)
temp1 = c(-27.00,-80.00,-40.00,-29.00,-45.00,-61.00,-32.00,-17.00,-15.00,-2.00,-17.00,-60.00,-36.00,-36.00,-47.00,-40.00,-37.00,-16.00,-50.00,-40.00,-35.00,-51.00,-60.00,-19.00,-40.00,-70.00,-47.00,-50.00,-47.00,-34.00,-50.00,-52.00,-34.00,-60.00,-39.00,-27.00,-54.00,-42.00,-25.00,-19.00,-58.00,-32.00,-23.00,-69.00,-50.00,-30.00,-48.00,-37.00,-55.00,-66.00)
data1 = data.frame(elevation1, temp1)
attach(data1)

plot(data1$elevation1,data1$temp1)
plot(data1$elevation1,data1$temp1,ylab="Temperature(F)",xlab="Elevation",main="scatter plot without Hawai")
cor(elevation1,temp1)
